530
530
529
529
530
529
529
529
529
529
529
530
529
529
529
530
529
529
529
529
529
529
529
529
529
529
529
529
529
529
530
530
529
530
530
529
529
529
529
529
529
529
529
529
529
529
529
529
529
529
529
529
529
529
528
528
528
528
529
528
528
528
528
528
529
529
528
528
528
529
528
529
528
528
529
528
528
529
528
529
529
528
528
529
528
528
528
528
528
528
528
528
528
528
529
529
529
528
528
529
529
528
529
529
529
529
529
529
529
529
529
529
530
529
529
529
530
530
530
530
529
529
529
529
530
530
529
529
529
529
529
529
530
530
529
530
530
529
529
529
529
529
530
530
529
530
530
530
530
530
529
529
529
529
529
529
529
529
529
529
529
529
529
529
529
529
530
531
531
531
531
530
528
528
529
533
536
534
532
530
528
528
530
531
532
532
531
529
527
528
529
531
530
529
531
531
529
528
527
528
531
531
527
523
520
520
524
526
523
522
522
524
525
525
525
529
536
534
529
524
524
528
532
535
536
540
539
533
529
530
534
539
537
533
531
529
527
526
525
524
521
519
518
519
521
521
524
530
535
538
536
529
525
524
526
527
530
531
532
531
527
524
529
534
541
542
539
536
534
533
532
532
532
534
531
529
527
527
526
522
519
515
513
514
518
524
534
539
537
535
529
524
523
524
527
531
533
532
529
525
523
525
532
540
545
544
539
533
530
530
531
534
533
532
529
527
526
525
523
519
515
511
510
513
520
530
539
544
540
532
524
521
522
526
529
532
535
533
529
523
521
525
536
545
550
548
540
531
527
529
531
537
537
534
529
526
525
525
521
516
510
507
508
513
524
537
546
546
538
525
520
520
525
528
531
535
536
533
526
519
519
525
537
547
552
550
540
530
523
524
532
540
540
536
529
525
524
521
520
515
510
505
505
510
523
540
550
547
537
524
519
520
523
526
529
535
538
534
525
517
517
524
534
545
553
553
545
531
521
522
531
541
543
539
532
526
523
521
519
516
511
505
503
508
521
540
550
550
540
527
520
519
523
525
529
535
538
535
527
518
518
521
529
541
550
557
551
538
524
520
527
540
546
543
537
530
526
522
520
518
516
509
502
502
513
530
545
553
543
534
524
520
519
523
526
532
537
538
531
523
517
517
524
531
543
551
556
548
532
519
519
531
541
547
541
536
531
526
520
519
517
517
507
499
500
510
530
546
557
547
536
523
519
519
522
524
530
537
540
534
524
515
515
523
531
541
550
558
551
537
521
517
527
541
548
545
540
532
528
522
518
516
516
510
504
499
503
518
542
555
556
544
527
521
519
521
521
527
535
542
541
531
517
507
518
527
536
547
555
557
548
527
516
520
535
547
549
541
536
532
525
519
515
515
512
507
498
499
509
531
550
560
550
536
522
517
519
521
523
530
539
543
537
523
514
512
522
531
538
548
555
554
542
523
513
524
539
549
548
540
536
531
522
516
515
515
512
506
499
499
512
536
552
560
547
530
521
518
519
521
524
531
540
543
535
521
508
512
523
532
538
547
553
554
539
523
515
526
541
551
548
541
537
531
523
515
512
513
513
506
499
499
513
538
556
559
546
529
520
519
521
521
523
530
540
542
535
520
511
513
524
533
538
544
551
553
540
525
516
525
540
550
548
543
539
532
524
514
511
514
516
509
501
498
508
529
550
561
550
536
523
519
519
519
521
527
538
545
538
525
515
512
521
531
537
542
550
553
545
529
517
521
535
549
551
546
540
535
526
516
512
515
519
515
505
498
502
516
541
555
558
548
530
521
517
519
519
524
533
543
543
535
519
506
516
524
534
538
544
550
551
540
526
518
526
541
551
549
544
538
531
524
515
515
518
519
518
504
499
502
516
538
555
559
548
530
520
517
517
519
524
533
542
543
534
520
512
516
523
531
537
545
550
552
539
525
518
526
540
550
548
543
538
531
523
515
515
518
519
512
503
501
505
518
538
551
557
550
533
521
516
518
520
526
533
540
542
535
522
515
515
522
532
538
544
549
551
541
529
520
526
539
550
549
544
539
531
524
517
516
517
519
512
506
503
503
513
534
552
560
552
532
520
515
517
519
522
530
539
543
537
523
512
512
519
529
535
539
547
549
543
529
518
521
535
546
547
544
537
532
525
516
512
516
518
515
508
500
500
507
524
543
557
553
540
524
515
519
516
519
525
535
541
539
528
515
510
516
524
531
537
542
547
547
534
524
519
528
540
549
546
540
536
528
521
515
516
518
518
515
505
502
503
514
536
553
558
549
531
520
516
518
519
523
531
540
543
536
522
514
514
521
529
535
539
546
547
544
532
521
523
534
544
547
544
539
534
527
518
515
518
520
518
512
504
503
508
521
539
556
554
545
528
518
517
518
520
524
533
542
541
532
521
511
515
521
529
536
539
547
547
541
531
522
524
536
544
546
543
538
531
524
516
515
518
520
517
510
505
503
510
528
544
558
553
538
526
518
517
518
520
526
536
542
540
529
518
512
516
524
530
536
539
546
546
541
531
523
527
536
544
545
543
538
531
524
517
517
520
523
519
508
507
505
512
531
547
558
555
540
527
520
519
520
521
527
536
543
541
531
521
515
517
525
530
536
539
546
548
542
533
525
527
535
544
546
545
540
534
527
520
518
521
522
518
512
506
505
513
531
547
556
552
537
527
521
519
519
520
525
534
540
540
530
521
516
518
525
530
535
539
545
546
543
535
526
526
533
541
545
545
540
534
529
521
519
520
522
521
516
509
507
514
530
547
557
554
541
530
524
523
521
522
526
534
542
543
535
525
519
520
525
530
534
537
542
545
545
536
528
526
531
537
543
542
538
535
528
522
519
519
520
519
515
508
505
505
515
531
547
549
544
532
522
519
517
515
517
522
530
536
534
526
518
515
517
521
526
529
534
540
543
538
530
523
524
530
537
539
536
535
530
526
521
519
519
520
518
515
509
505
508
520
533
547
550
542
532
525
520
519
518
519
524
532
537
536
529
522
520
522
525
529
532
537
542
545
540
533
529
529
534
538
540
538
537
534
529
525
524
523
523
520
516
515
511
512
521
531
545
551
546
536
529
524
522
521
521
524
529
536
537
534
527
525
525
527
529
532
536
541
543
540
534
530
530
532
536
536
535
535
533
529
525
522
522
522
520
516
511
509
509
519
531
543
548
543
534
527
521
519
517
517
523
530
533
533
528
524
524
525
526
527
530
536
541
542
537
533
531
534
537
537
537
536
536
535
531
530
530
531
531
529
528
529
530
528
522
516
518
526
535
540
537
533
532
534
535
533
530
527
527
527
528
531
535
536
533
530
530
531
535
537
539
540
538
535
531
531
533
535
535
534
534
533
532
531
531
533
533
533
531
528
526
535
549
561
564
554
545
545
551
555
555
551
550
549
547
541
537
536
537
535
531
528
527
527
525
519
515
512
513
513
510
512
519
529
541
552
568
587
603
614
614
607
601
595
586
576
570
565
560
554
549
545
541
536
531
527
525
524
520
511
504
501
501
502
503
502
502
505
518
530
542
551
550
543
535
527
516
506
507
514
520
525
533
537
538
538
537
534
532
530
528
527
527
526
526
525
523
519
515
509
504
500
499
499
501
505
509
511
512
512
514
516
517
520
525
529
533
534
531
529
526
525
523
523
525
527
527
523
518
515
515
521
530
540
548
556
561
561
557
547
533
525
524
523
518
516
518
524
531
535
533
533
532
529
526
521
529
543
555
567
575
580
590
604
613
624
642
632
625
630
630
630
625
612
597
593
587
571
554
536
530
539
545
547
547
546
535
532
538
543
543
544
561
561
544
539
527
511
503
515
527
538
549
547
537
526
527
540
541
540
534
530
527
527
533
539
544
548
551
546
529
511
505
505
507
514
520
539
552
495
485
520
572
614
594
571
560
552
550
554
584
643
674
681
696
685
661
661
644
635
666
721
775
782
775
762
729
693
658
620
606
607
614
624
617
636
604
582
561
557
559
571
591
595
595
583
578
591
618
631
647
702
758
777
770
787
783
741
689
663
677
715
730
692
643
615
590
574
567
550
544
538
540
544
531
529
535
537
530
537
539
527
526
508
490
485
493
494
496
505
517
546
605
656
661
616
591
590
579
564
568
553
557
572
562
554
553
559
567
612
671
698
665
615
594
576
574
566
565
582
616
661
678
704
743
797
803
734
666
660
656
648
633
618
604
599
605
625
625
593
558
527
508
488
520
572
571
540
495
460
459
464
462
449
438
427
418
417
422
425
430
445
491
587
637
626
620
591
543
507
479
457
440
431
436
445
446
431
413
402
404
409
412
416
420
427
435
448
462
473
483
487
489
495
482
448
469
552
585
585
577
557
524
494
482
486
496
485
469
460
452
446
449
459
472
484
483
472
455
448
440
443
451
461
469
472
467
459
455
449
440
435
434
435
441
450
457
459
455
464
471
479
472
467
467
472
487
513
535
556
575
576
571
567
588
596
571
559
551
529
507
490
483
489
507
540
570
598
626
655
661
658
641
613
599
595
568
534
507
494
494
513
557
595
607
621
640
659
617
575
535
507
495
494
491
483
479
486
494
509
519
522
539
563
574
576
576
578
584
607
646
656
620
591
559
544
547
553
556
551
553
576
588
574
555
545
559
568
575
595
605
622
625
605
596
599
589
547
521
499
483
472
467
463
460
456
449
444
431
422
426
443
461
479
483
472
472
476
480
481
494
507
516
523
536
558
563
544
529
497
467
460
449
457
486
528
550
567
551
536
534
537
536
523
507
481
457
445
435
441
462
496
542
585
614
627
606
590
587
604
582
566
559
558
564
563
558
552
541
529
516
498
473
451
432
419
407
396
390
388
395
405
415
427
440
453
462
462
463
465
456
449
452
460
468
491
505
510
501
470
446
439
455
489
508
491
467
447
444
454
465
479
497
515
527
527
508
486
470
474
491
507
526
548
559
542
521
504
532
563
563
544
536
548
582
617
622
600
586
575
575
564
551
542
526
525
544
553
553
558
569
578
574
557
537
532
531
532
537
551
562
556
541
515
482
454
435
429
430
424
419
421
435
444
449
451
453
467
466
464
461
451
446
449
459
475
493
505
502
496
499
502
504
510
522
532
542
545
545
536
527
520
533
552
550
525
516
525
577
683
651
589
573
600
624
622
609
573
536
517
507
489
477
483
494
497
503
518
533
542
540
527
519
511
494
477
463
457
459
457
455
462
474
494
515
539
557
558
556
549
550
551
532
508
496
491
485
472
467
479
500
514
539
559
566
565
557
559
566
571
579
571
551
546
541
531
521
517
510
506
500
491
480
470
483
527
587
649
685
658
627
605
574
536
504
490
493
508
530
540
547
561
575
588
599
596
573
544
521
499
479
470
465
464
470
480
484
483
484
480
467
463
467
479
493
502
506
504
511
529
545
564
582
592
600
611
633
646
646
637
613
591
567
551
547
545
542
556
582
604
611
619
617
612
600
584
576
572
553
529
511
498
486
481
480
475
472
471
472
478
483
486
489
493
500
512
527
538
541
527
518
497
479
461
453
450
449
455
470
490
506
524
534
544
549
556
551
551
542
523
519
519
532
558
575
573
554
539
549
558
544
516
504
504
501
498
493
487
479
475
487
514
546
561
565
554
543
528
505
489
487
496
513
540
551
529
505
496
491
484
479
474
467
461
454
450
448
445
443
440
440
440
440
441
442
443
444
446
446
446
445
445
447
449
457
468
486
515
551
582
598
600
584
553
524
508
504
505
516
536
562
581
581
569
557
550
547
553
551
550
552
550
547
545
539
532
521
506
491
480
470
464
462
462
465
471
479
489
500
514
527
537
552
577
608
625
625
624
602
572
554
534
516
499
493
495
502
506
507
507
504
501
495
488
487
490
492
494
495
505
527
560
593
604
613
630
646
646
649
638
617
615
603
599
596
590
582
575
565
553
549
551
563
582
604
618
614
595
570
542
510
494
483
482
486
492
497
504
517
527
531
529
519
515
519
532
534
524
499
489
491
496
504
517
538
555
562
555
547
537
539
545
550
553
568
588
597
596
570
539
517
498
485
481
480
486
492
488
477
463
460
472
491
507
519
529
535
536
529
519
507
496
487
483
486
498
514
518
513
510
509
509
518
527
533
536
538
540
548
559
574
580
585
582
566
560
556
555
548
542
529
517
512
512
509
502
491
483
486
494
497
497
499
507
519
531
532
522
521
531
542
542
538
536
539
547
544
526
499
474
454
438
430
427
423
423
431
443
455
463
465
463
455
448
444
444
448
454
457
460
462
461
454
448
446
447
449
455
462
466
469
471
471
470
468
467
465
460
453
446
440
436
437
443
451
454
461
472
488
508
530
555
577
589
583
573
566
561
553
538
525
517
517
522
526
529
524
516
511
510
513
518
515
500
489
481
474
469
467
467
468
469
468
465
462
462
467
476
486
492
495
498
501
505
509
513
516
516
509
503
501
497
494
491
486
479
474
473
476
482
487
485
482
480
479
475
470
467
465
463
461
460
461
464
470
474
477
480
485
492
497
502
505
509
512
515
516
512
510
505
497
490
491
498
504
503
501
503
507
510
515
519
519
517
512
505
501
500
500
501
499
497
497
496
495
495
496
499
503
507
507
504
502
501
502
503
501
498
494
492
490
489
492
494
497
498
496
494
494
495
495
499
504
511
522
527
527
523
519
519
519
516
511
505
503
501
501
501
499
498
496
495
494
492
492
491
490
490
491
491
492
491
491
491
490
489
489
489
487
487
487
489
489
490
491
492
493
494
495
495
496
497
498
499
499
500
500
501
501
502
502
503
504
504
504
505
505
505
505
505
505
506
506
507
508
508
507
508
508
508
509
509
509
509
509
509
509
509
509
509
508
508
508
508
509
509
510
512
513
515
516
516
518
518
519
519
519
520
520
521
522
522
523
523
523
523
524
523
523
523
523
523
522
522
522
522
522
522
522
522
521
521
521
521
522
523
523
523
524
524
524
525
525
525
525
526
526
527
527
527
527
527
527
527
528
527
527
528
528
528
528
527
527
527
526
526
526
526
526
526
526
526
526
526
526
526
526
526
527
526
526
527
527
527
528
527
528
528
528
529
529
529
529
530
530
530
530
531
531
530
531
531
531
531
531
531
531
531
530
530
529
529
529
529
529
529
528
529
529
529
529
529
529
530
530
530
530
530
530
530
530
531
530
530
531
531
531
531
531
531
531
531
532
531
532
532
532
532
532
532
532
532
532
532
532
532
532
532
532
532
532
532
532
532
533
533
532
533
533
533
534
533
533
534
533
534
534
534
534
534
534
534
534
534
533
533
534
533
533
533
534
533
533
533
533
533
533
533
532
533
533
533
532
533
532
532
532
532
532
532
533
532
533
533
533
533
533
533
533
533
533
533
533
534
534
533
534
534
534
534
534
534
534
534
534
534
534
534
534
534
534
535
535
535
535
534
535
535
535
535
535
535
534
535
535
535
535
535
535
535
535
534
535
535
535
535
535
534
534
535
535
535
535
535
535
534
535
535
535
534
535
535
535
534
534
535
534
535
535
535
535
535
535
535
536
535
535
535
535
535
534
535
534
535
534
535
535
535
535
535
535
535
535
535
535
535
535
535
535
535
535
535
536
536
535
535
536
535
535
536
536
536
536
536
535
536
535
536
536
536
535
535
535
535
535
535
535
535
534
535
535
535
535
535
535
535
535
535
535
535
535
535
536
535
535
535
535
535
535
535
535
534
535
535
535
534
535
534
534
534
534
534
534
534
534
534
534
534
534
534
534
533
534
534
534
534
534
534
533
534
534
535
534
534
534
534
535
534
534
535
534
534
534
534
534
534
534
534
534
534
534
534
534
534
534
534
534
534
534
534
534
534
534
534
534
534
534
534
534
534
534
534
534
534
535
534
534
534
533
534
533
534
534
534
534
534
534
534
534
533
534
533
534
534
534
533
534