528
528
528
528
528
528
529
528
528
528
528
528
528
529
529
528
528
528
528
528
528
528
529
528
529
529
530
529
529
528
529
529
528
528
529
529
529
528
529
528
528
528
529
528
529
528
529
528
529
529
529
529
532
534
537
537
533
531
529
531
532
535
535
534
531
529
529
530
531
531
530
528
526
525
523
521
519
518
517
518
519
530
539
543
539
528
521
519
523
527
528
529
531
532
535
535
533
531
533
534
537
538
538
535
531
528
526
527
528
528
527
527
525
523
519
515
510
509
511
524
536
551
548
536
522
515
518
526
527
529
531
533
532
528
526
528
534
542
544
541
540
537
533
530
526
528
531
534
532
528
524
522
522
519
509
506
505
508
521
539
553
551
542
525
517
519
524
527
531
532
535
532
528
521
520
529
543
551
551
543
536
533
531
529
529
532
536
536
532
529
526
523
519
515
509
507
505
507
510
526
543
556
555
537
521
515
516
526
531
531
531
533
533
528
520
518
526
542
555
556
546
534
527
525
528
532
536
537
538
533
529
526
524
519
515
511
508
509
506
505
509
526
550
558
555
536
518
515
519
525
530
529
530
535
534
528
520
515
523
539
556
561
551
536
526
523
528
535
540
542
541
537
530
527
524
522
518
511
508
506
506
503
507
524
545
563
563
542
523
511
514
524
530
529
531
534
536
531
522
514
515
528
548
562
561
547
530
519
522
531
540
546
544
540
535
528
524
522
519
515
508
505
506
504
502
507
525
551
566
561
539
515
508
514
522
530
529
530
535
535
529
521
511
515
529
548
562
561
547
530
519
522
532
542
548
547
541
534
528
523
523
519
516
511
507
505
504
504
507
525
549
567
564
546
521
509
512
521
529
532
532
536
536
533
524
515
515
526
543
559
563
555
536
523
520
529
542
550
550
545
537
529
525
522
522
520
516
510
506
503
501
504
520
542
565
570
555
530
511
508
519
527
533
536
538
540
539
530
522
518
524
540
557
568
567
554
538
527
530
543
555
560
556
549
540
534
530
529
526
525
522
516
512
506
503
509
526
553
571
573
551
526
512
510
519
529
531
536
538
538
535
526
515
512
521
536
553
564
560
547
531
523
526
537
551
555
551
543
535
529
526
525
525
523
520
516
510
504
497
498
516
542
567
574
554
529
510
505
516
524
528
533
535
537
537
526
516
510
515
531
551
563
563
553
535
524
523
534
548
555
552
545
535
529
525
524
522
521
519
515
510
502
495
491
503
528
558
572
563
538
512
501
509
516
526
529
531
534
537
528
517
506
506
520
540
556
564
556
537
522
515
522
538
549
550
544
536
529
524
520
521
521
519
516
510
505
497
493
498
519
548
569
571
548
521
504
502
511
522
526
529
532
532
530
520
507
505
513
531
550
562
560
547
528
516
517
529
544
551
548
540
530
524
521
521
520
520
518
513
506
499
491
492
509
539
567
577
559
531
510
503
511
524
527
532
535
537
538
529
515
509
513
530
551
563
568
559
541
527
523
531
547
559
558
551
540
533
529
528
528
527
525
520
511
505
496
492
502
527
559
579
572
548
519
505
509
519
528
533
535
537
540
531
521
510
508
520
538
557
566
561
544
526
515
521
536
550
556
551
542
534
529
526
526
526
526
521
516
507
500
492
495
514
545
570
579
556
529
510
506
513
524
527
532
535
535
531
520
506
505
511
527
543
555
554
544
524
508
508
519
537
545
543
535
526
520
517
517
517
519
518
509
500
492
485
480
496
525
560
576
563
533
506
496
506
512
519
526
532
536
535
519
503
499
508
527
545
555
559
553
534
515
507
516
534
547
546
540
532
524
518
507
514
518
518
511
502
494
487
480
488
512
551
573
571
542
509
497
502
508
519
521
527
535
535
522
507
497
504
523
540
552
559
556
542
524
509
514
531
546
550
544
535
529
523
516
515
518
520
517
507
497
490
483
487
510
546
571
578
549
518
500
499
507
519
519
526
535
534
524
509
494
499
515
534
547
555
553
543
525
505
508
524
540
547
543
534
528
523
514
513
517
521
520
508
502
496
489
497
522
553
581
585
560
531
515
510
518
525
527
535
540
541
533
516
503
508
522
541
553
561
562
558
539
522
519
532
550
559
555
547
539
530
521
517
519
522
520
511
497
490
483
492
518
551
574
576
551
526
507
507
516
525
528
537
543
544
535
519
507
515
530
547
558
564
565
559
539
520
518
530
548
555
550
540
533
523
509
508
511
516
515
502
487
479
475
491
520
551
568
561
533
509
498
499
505
515
519
528
534
531
517
502
495
504
523
539
547
553
553
546
528
511
513
528
544
549
543
535
528
518
509
506
510
514
511
500
487
478
476
493
524
557
571
560
534
507
498
504
509
518
523
530
536
531
515
501
494
506
526
540
547
555
553
546
525
508
514
533
548
551
544
536
530
519
510
508
515
519
516
501
487
481
478
500
534
568
578
559
530
506
500
510
516
519
528
535
539
533
512
497
498
511
532
546
547
555
554
543
521
508
518
537
551
550
543
536
531
520
510
509
518
520
515
503
489
483
483
504
539
572
577
558
529
509
506
513
517
524
532
539
542
531
511
502
504
521
538
548
554
561
560
543
524
509
526
545
555
552
547
542
533
522
510
518
525
526
517
505
493
487
489
513
548
580
586
564
535
519
515
523
526
532
543
551
549
537
517
508
516
531
546
555
562
571
569
547
527
524
538
558
564
561
558
553
543
531
526
532
540
535
522
509
499
494
508
543
584
596
580
549
526
524
531
528
531
541
551
555
540
515
505
509
525
537
541
548
563
566
553
527
510
521
540
550
551
551
548
539
523
515
520
531
528
518
504
498
499
506
534
571
591
584
551
528
525
524
528
528
532
548
551
536
516
503
508
523
530
535
542
555
567
557
531
516
522
537
548
551
551
550
540
522
510
516
523
523
510
497
489
488
494
526
564
584
577
544
521
520
519
519
518
527
547
550
531
507
506
515
527
528
534
550
563
574
564
543
533
535
543
555
561
563
558
543
527
518
518
521
519
509
497
491
484
485
515
554
577
566
536
521
518
515
508
504
525
545
543
525
508
508
518
516
511
526
547
560
561
550
535
529
527
533
547
557
560
551
538
527
522
519
517
508
505
496
487
480
481
512
550
574
564
543
532
525
516
509
510
536
554
548
535
527
528
529
519
519
540
557
563
565
559
545
536
528
537
554
564
562
558
549
537
531
525
521
516
507
499
492
483
484
515
549
569
557
538
533
522
505
497
503
527
539
530
524
527
525
516
508
515
540
551
551
562
567
552
537
532
543
556
563
568
568
560
546
538
533
529
525
519
507
506
498
501
527
560
581
571
558
555
540
520
512
518
536
544
537
539
542
533
520
511
519
534
537
540
555
562
546
531
523
524
531
536
542
544
537
526
518
511
505
501
497
492
486
479
476
485
517
543
547
545
536
528
514
493
491
503
510
515
518
524
527
519
507
508
516
520
523
536
553
554
542
534
530
530
531
536
543
541
535
528
521
517
516
509
503
499
493
486
487
501
526
543
547
548
547
539
524
511
508
509
509
507
514
522
525
523
522
526
527
525
521
526
534
531
528
526
529
532
534
538
541
539
534
526
520
515
510
507
505
504
501
499
495
496
504
509
514
521
531
539
540
538
538
538
534
521
509
503
497
492
492
495
503
511
519
532
543
545
544
543
539
530
521
518
515
510
509
509
512
514
517
518
518
518
505
497
489
489
494
499
507
519
534
544
548
549
551
547
536
523
510
502
495
490
491
499
509
519
530
544
553
556
553
551
543
534
526
521
519
517
517
519
521
526
527
528
526
521
515
503
494
492
493
501
509
520
535
547
551
554
555
552
542
525
511
503
496
489
491
497
507
518
528
540
553
557
554
551
546
537
527
522
519
517
516
517
519
522
526
526
525
520
515
504
494
489
494
499
505
516
529
543
551
552
553
553
544
529
515
505
499
492
491
496
506
515
527
539
553
557
556
554
549
540
531
526
522
519
516
516
519
522
525
527
527
524
518
510
503
495
499
504
505
518
528
542
550
551
553
556
547
534
521
509
506
498
497
501
510
518
527
540
553
558
558
557
553
545
536
530
527
523
519
519
520
524
527
529
529
526
523
516
506
501
499
506
510
517
529
543
552
553
556
555
549
538
525
516
508
503
499
503
510
519
529
543
555
560
559
559
556
546
537
532
528
523
520
519
521
525
527
530
530
529
524
516
505
499
503
508
510
521
533
548
554
556
558
559
553
539
527
517
509
502
499
503
512
522
532
543
554
562
561
561
556
549
542
535
531
527
525
525
526
529
533
534
535
533
528
520
508
504
498
505
514
517
527
540
553
559
558
558
558
550
536
523
515
509
504
503
508
519
527
539
548
559
563
561
560
553
547
539
534
529
526
524
524
526
530
533
536
536
530
526
518
507
497
503
511
513
521
532
548
557
556
557
559
556
543
527
519
508
505
502
505
513
524
530
545
557
560
562
561
558
551
542
536
532
528
525
524
526
528
533
535
536
534
531
527
519
512
501
504
518
515
519
535
546
556
552
555
560
552
542
528
521
515
508
506
509
517
525
534
548
557
560
561
561
556
548
540
534
530
526
523
524
526
530
536
537
536
535
534
527
519
510
505
508
518
514
529
536
544
553
551
554
551
546
537
528
518
512
510
512
517
522
529
540
550
553
556
556
554
549
540
532
530
529
526
526
527
530
536
538
537
538
536
531
526
519
515
510
509
516
517
526
533
540
548
549
550
549
545
540
530
524
518
517
516
518
523
530
537
546
551
554
553
551
549
541
536
533
530
527
526
527
531
534
537
537
537
536
531
527
521
515
508
515
518
519
527
534
543
546
547
549
548
544
536
529
523
519
519
518
520
524
534
540
544
549
550
551
547
542
538
533
529
527
524
526
528
531
532
536
536
535
533
529
525
521
518
513
514
519
521
526
532
538
542
542
543
543
540
536
531
526
522
523
524
527
530
536
541
543
548
550
546
542
535
529
527
528
526
527
528
532
533
535
535
533
530
526
524
521
518
515
518
520
526
533
538
541
541
541
540
537
534
530
527
525
527
529
533
537
541
542
542
543
541
540
537
536
533
531
530
530
529
530
531
530
530
530
528
527
525
524
526
524
521
519
520
524
527
531
535
536
536
535
534
534
532
531
530
529
529
533
535
537
540
542
540
540
540
538
537
535
535
533
531
531
531
531
531
531
531
531
531
530
530
529
528
527
525
525
523
524
527
530
532
534
536
535
537
536
535
534
532
532
534
535
536
538
539
540
540
541
540
540
538
537
536
536
534
534
534
534
535
534
534
535
534
533
532
532
531
530
532
533
531
531
531
532
532
534
536
537
536
537
536
535
537
537
539
539
539
540
540
539
539
540
540
539
538
537
536
534
535
533
533
533
531
532
532
532
531
531
529
529
528
527
526
526
526
526
527
527
527
528
528
529
531
532
532
533
534
533
535
536
537
536
536
536
535
535
535
535
534
533
533
533
533
534
534
533
534
533
533
532
532
532
532
533
533
533
533
532
533
534
534
534
534
534
535
536
539
540
540
542
542
542
540
539
537
535
533
532
531
530
530
529
527
528
528
527
528
527
527
527
527
528
528
527
526
526
526
526
526
526
526
525
525
525
524
523
524
524
523
523
524
523
523
523
523
523
523
523
523
522
523
523
522
522
522
521
521
521
521
521
521
519
520
519
519
519
519
518
518
519
519
519
519
519
520
521
523
524
524
526
525
526
527
528
530
531
533
534
536
538
540
542
543
543
543
543
543
542
541
540
539
537
537
536
537
537
536
537
536
536
536
538
538
539
540
541
540
542
544
544
544
545
544
543
542
542
540
539
538
536
536
534
533
532
531
530
531
531
532
532
533
534
532
534
533
532
531
530
528
527
526
524
523
522
521
520
519
518
516
516
516
516
516
516
517
519
520
522
524
524
525
526
526
527
527
526
526
525
525
525
526
525
525
525
524
524
522
522
521
519
519
518
518
518
518
519
519
520
520
521
522
522
523
524
525
525
525
525
525
526
526
527
527
527
527
527
527
526
526
525
524
524
524
524
525
524
524
524
524
523
524
524
524
523
523
523
523
523
522
523
523
523
524
524
523
524
525
525
526
526
527
527
528
530
531
532
533
534
533
533
534
533
533
532
531
531
530
530
529
529
529
528
528
527
528
527
527
527
527
527
527
527
527
527
527
527
528
528
529
528
529
529
530
529
529
529
529
529
529
528
528
527
527
527
528
527
527
527
526
526
526
526
526
526
526
525
526
525
525
525
525
525
526
524
524
524
525
524
525
525
525
524
525
525
525
525
525
525
525
525
525
525
526
525
525
525
525
526
526
525
526
524
525
525
526
525
525
525
526
525
526
526
525
525
525
526
526
526
526
526
526
526
526
526
525
526
526
525
526
526
525
525
525
525
526
526
526
526
526
526
526
526
526
525
526
526
525
526
526
526
526
527
526
526
527
526
526
526
527
526
526
527
527
527
527
527
527
527
527
527
527
527
527
527
527
526
527
527
527
527
527
527
527
527
528
527
527
527
527
527
528
527
527
527
527
527
528
527
527
527
527
527
527
527
527
527
527
527
527
527
528
527
528
527
528
528
527
527
527
528
528
528
527
528
528
528
528
528
528
528
528
528
528
528
528
528
528
529
529
528
529
528
529
528
529
529
529
529
529
529
529
530
529
529
530
530
530
531
530
531
529
530
531
531
530
530
531
531
531
531
531
531
531
531
531
531
531
531
531
531
531
531
532
531
531
532
532
531
531
532
531
532
531
532
531
531
531
531
531
531
531
531
531
531
531
532
531
531
531
531
531
531
531
531
531
530
531
531
531
531
531
531
530
531
531
531
531
531
531
530
531
531
531
531
530
530
530
530
530
530
530
530
530
530
531
530
530
530
530
530
530
530
530
531
530
530
530
531
530
531
530
530
530
531
529
530
531
530
531
531
531
530
530
530
530
530
530
530
530
530
530
531
531
531
531
531
530
530
530
530
530
529
530
529
529
529
530
530
530
531
531
530
530
531
529
529
530
529
529
530
529
529
529
530
529
530
530
531
530
529
530
529
529
529
529
529
529
529
529
529
529
530
530
530
529
529
529
529
528
529
529
529
529
529
529
529
529
529
529
529
529
529
529
529
529
529
530
529
530
530
530
529
529
530
530
530
529
529
530
530
530
530
530
530
529
529
529
529
529
530
530
529
529
529
530
530
530
530
530
530
530
530
530
530
530
530
530
531
531
530
530
531
530
531
530
530
531
530
530
530
531
530
530
530
531
529
530
530
529
529
529
529
530
529
529
529
530
529
529
530
530
529
528
530
529
529
529
530
529
529
530
529
529
529
529
528
529
529
529
529
529
529
528
529
529
529
529
529
529
529
529
528
529
529
529
528
528
528
529
529
528
529
529
529
529
529
530
529
529
529
529
529
529
529
529
529
529
529
529
529
529
529
530
530
529
529
529
529
529
530
530
530
530
530
529
529
529
530
530
529
529
529
530
529
530
530
529
529
530
530
529
529
529
529
528
529
529
529
529
529
528
529
530
530
529
529
529
528
529
529
529
528
529
529
529
529
529
529
529
529
529
529
529
529
529
528
529
528
529
529
528
529
529
529
528
528
529
529
528
529
529
528
529
528
528
529
528
529
529
530
529
529
530
529
529
529
529
529
530
529
529
529
530
530
530
530
529
529
529
529
529
529
530
530
531
529
530
531
530
529
529
530
530
530
530
530
530
530
529
530
530
530
530
530
530
531
531
530
529
530
529
529
530
530
529
529
529
529
529
529
529
530
530
529
529
530
529
529
529
530
529
529
529
529
529
530
529
529
530
530
529
529
529
529
529
529
529
529
529
529
529
529
530
530
529
529
529
529
529
529
529
530
529
529
531
530
530
530
530
530
530
531
530
530
530
530
530
530
530
530