527
527
527
527
527
527
527
527
527
527
527
527
527
527
527
527
527
527
527
527
527
528
528
528
528
529
528
528
528
528
528
528
527
527
527
527
527
527
526
526
526
525
525
525
526
525
525
525
525
526
527
526
527
528
529
531
531
531
532
531
531
530
529
529
529
528
528
528
528
528
528
528
527
527
526
524
523
522
521
519
519
518
519
524
527
530
533
536
537
536
534
531
529
527
522
519
521
523
526
530
535
540
542
541
540
537
534
530
526
524
523
524
524
527
529
532
532
531
529
525
521
516
508
504
513
521
523
527
537
543
545
543
536
533
531
521
514
511
514
517
520
524
532
542
547
546
545
543
538
532
525
520
520
521
520
523
527
531
533
534
531
529
526
522
517
515
513
515
517
522
526
531
536
539
540
538
535
531
528
524
520
520
524
529
533
536
538
541
541
539
534
530
527
523
520
520
521
523
524
523
524
523
519
516
514
515
520
524
525
531
537
542
542
540
536
534
529
520
515
514
515
518
520
525
531
539
541
540
541
543
541
536
530
527
527
527
526
525
528
532
532
530
528
527
525
520
507
505
503
504
514
520
526
534
543
548
548
544
539
535
527
517
509
509
510
514
519
524
532
541
544
545
548
548
542
534
527
524
524
524
524
526
531
534
534
532
530
528
523
515
504
499
502
510
519
524
535
546
552
553
547
540
535
526
515
505
504
507
512
519
525
534
543
547
547
548
548
543
534
526
522
524
525
525
527
532
534
534
531
527
524
519
507
499
496
502
512
520
527
539
549
555
554
546
538
531
523
510
504
503
507
515
521
529
539
547
550
550
550
548
542
534
526
523
525
527
529
530
534
536
536
531
527
522
514
503
496
496
506
519
527
535
547
556
559
555
544
535
527
518
506
502
505
513
522
529
537
549
555
554
551
549
547
541
533
527
527
531
534
536
537
539
540
536
530
524
518
509
500
496
501
516
529
537
547
557
563
563
554
541
532
525
515
506
506
513
524
531
538
546
554
556
553
549
545
542
535
528
524
527
531
535
536
535
536
533
527
521
515
507
498
491
491
502
518
529
537
547
555
557
551
538
526
516
507
498
495
499
508
520
528
534
542
547
547
543
538
535
528
521
518
520
525
530
532
531
532
530
526
519
512
503
495
487
485
492
506
522
534
544
552
557
554
544
531
519
510
502
497
501
510
523
533
541
547
553
554
551
547
541
537
531
528
529
535
541
543
544
544
541
536
529
521
515
504
493
487
492
505
525
539
550
561
567
565
554
540
526
518
508
501
504
515
527
537
544
550
555
553
547
545
543
539
534
532
535
544
551
554
555
555
551
545
537
531
526
515
502
495
496
508
527
543
556
566
571
567
557
540
524
516
503
497
500
509
522
533
540
544
546
542
536
530
528
527
524
519
522
527
532
535
534
533
531
523
514
508
502
494
483
476
477
487
511
531
543
552
558
554
543
526
509
502
497
495
501
515
530
541
544
545
546
540
532
531
536
538
534
531
536
542
546
545
545
544
538
530
525
523
515
503
491
484
486
502
527
545
557
566
565
559
544
524
509
505
501
505
515
530
543
546
543
540
534
527
524
529
536
533
529
528
529
531
531
531
532
527
520
515
511
507
495
478
470
469
479
512
536
548
558
555
548
530
505
495
491
490
499
509
528
540
537
532
525
519
516
519
533
547
545
538
531
529
527
527
531
534
531
527
524
523
516
501
485
471
468
476
513
544
563
565
561
549
529
501
490
493
502
515
526
542
545
534
519
508
507
507
527
554
566
551
532
521
514
515
523
531
536
532
527
523
520
509
489
474
463
465
483
532
561
569
559
546
529
499
486
492
510
526
534
542
541
527
504
495
500
510
531
563
581
563
531
514
506
510
528
544
549
542
531
522
515
508
496
481
466
465
478
532
566
571
553
537
523
495
489
503
530
544
542
540
529
507
492
494
510
529
546
563
577
554
524
506
510
518
537
552
553
542
527
518
508
507
502
493
484
474
477
498
553
564
554
539
524
508
498
502
531
546
540
536
521
509
494
499
519
536
549
553
564
548
525
514
519
526
539
550
549
539
527
523
514
516
515
504
491
481
475
479
521
560
569
548
529
520
495
504
518
545
553
536
524
507
495
497
519
538
554
550
558
545
528
519
523
530
539
547
545
537
528
527
519
516
515
506
493
487
471
476
507
563
568
550
533
514
501
499
522
550
558
535
520
498
491
499
526
549
553
549
543
539
530
529
532
536
533
541
541
537
535
537
526
518
516
514
502
491
478
470
495
542
574
564
537
516
509
495
521
550
560
547
519
497
491
499
525
553
556
549
536
535
537
538
541
539
531
534
538
539
546
546
532
519
512
515
511
502
488
471
476
518
574
572
544
528
507
498
516
547
566
556
521
501
490
497
524
553
560
546
530
532
535
547
551
542
528
528
532
542
548
549
538
521
511
518
523
512
497
478
462
488
551
582
568
534
510
501
503
531
569
564
537
507
488
490
512
546
565
551
529
523
532
548
556
551
532
519
527
541
550
553
546
525
510
517
525
518
502
485
469
465
533
577
583
536
518
502
499
525
566
572
544
510
487
492
503
548
567
555
526
517
529
548
564
561
536
511
521
538
551
558
554
528
507
511
527
529
511
491
469
456
509
567
592
552
523
502
493
519
556
582
555
521
489
487
495
543
567
561
531
515
521
543
569
566
541
514
515
533
557
563
555
527
506
508
525
532
517
489
464
454
515
572
596
551
514
497
491
521
569
579
551
509
480
484
501
552
575
557
522
508
512
545
579
576
539
508
508
531
560
568
552
523
505
506
523
527
514
489
461
455
516
579
594
547
514
494
489
521
579
575
546
509
483
480
509
558
576
551
521
509
509
549
587
577
531
507
507
534
567
576
549
519
504
506
522
534
507
484
461
460
517
582
595
551
506
494
494
526
579
577
545
504
481
482
515
558
577
549
519
505
516
547
586
576
533
505
508
534
566
575
551
521
504
508
523
532
511
485
461
457
515
575
600
551
517
492
494
518
582
574
547
506
485
476
515
556
578
551
524
507
516
541
588
577
536
510
509
527
564
577
552
521
508
505
523
536
515
487
462
455
504
566
605
556
522
497
484
521
571
579
552
519
484
481
502
555
571
558
528
517
515
543
573
571
541
519
515
527
553
569
553
531
514
509
520
529
515
494
467
464
494
560
589
560
532
502
486
521
555
576
555
524
490
481
495
547
562
558
537
517
515
541
561
571
548
524
511
525
546
564
555
536
510
507
516
527
516
495
472
462
479
548
572
573
536
509
485
512
539
576
553
538
498
483
488
536
550
562
544
523
511
536
554
567
552
530
514
523
542
558
556
542
519
510
513
526
515
501
476
467
470
532
576
573
546
519
491
500
529
568
557
546
515
484
479
524
542
558
555
534
506
532
544
557
559
544
515
520
534
548
556
551
524
505
508
518
521
516
490
471
466
497
540
587
553
543
506
489
504
544
553
559
532
506
483
494
523
545
552
551
529
526
529
540
550
550
534
528
524
533
545
551
539
525
506
507
517
515
502
482
476
471
524
551
577
544
537
497
500
517
551
545
558
522
496
487
508
521
550
554
542
531
537
527
542
548
544
533
535
526
536
546
546
535
526
513
513
517
511
498
483
466
489
522
561
568
554
523
500
501
521
542
556
551
522
499
492
503
523
548
551
544
537
535
528
537
544
538
540
534
529
537
544
541
539
526
516
514
518
509
499
487
476
471
535
533
574
554
539
500
515
504
540
544
558
525
516
495
500
510
540
543
550
542
546
527
537
535
537
539
543
533
538
539
540
538
533
524
517
516
510
506
490
488
471
515
536
563
557
556
513
516
507
525
540
556
537
531
506
501
506
527
535
552
547
553
537
536
533
532
534
547
538
539
542
538
536
537
527
520
517
514
505
498
484
479
498
527
562
558
559
531
508
501
521
526
551
548
534
516
505
497
513
528
541
550
556
553
532
535
523
528
536
543
537
543
535
535
533
527
521
516
510
504
504
486
481
487
512
542
562
555
547
522
505
508
518
532
546
540
528
515
503
502
515
528
541
553
564
543
539
525
518
525
538
536
545
540
534
533
526
521
518
510
506
502
495
484
489
499
542
546
561
551
531
513
515
504
527
537
542
536
529
509
508
507
518
531
548
563
560
550
537
520
517
532
533
546
547
540
535
531
520
520
508
505
505
497
492
496
509
532
547
551
553
537
524
515
511
518
531
536
536
533
520
515
511
515
523
539
556
560
556
543
525
519
524
527
539
542
542
538
531
524
519
509
505
502
496
490
497
507
525
546
548
551
542
527
517
514
512
524
532
535
535
529
520
514
518
517
529
549
558
560
552
532
523
522
521
535
538
541
540
534
526
524
508
505
496
491
495
496
505
539
531
554
555
534
530
524
502
518
518
525
535
535
532
527
517
516
514
523
542
548
558
555
538
529
523
519
529
530
536
538
536
531
526
514
505
497
487
489
490
501
532
538
551
555
543
533
518
511
507
509
522
531
532
542
532
527
519
517
519
536
540
554
552
546
537
529
525
526
527
532
535
534
534
528
519
514
502
497
488
498
501
524
543
551
554
554
542
526
516
509
505
512
524
530
539
541
538
532
526
523
531
531
544
545
546
543
536
532
529
526
528
529
530
530
526
524
515
510
497
495
494
501
519
538
550
549
558
549
527
525
509
504
504
511
522
529
538
543
539
538
535
532
532
533
533
535
535
534
533
532
531
531
530
527
524
521
515
511
505
499
497
497
525
515
542
547
550
548
541
538
523
514
508
507
510
519
525
536
536
542
540
542
540
537
538
532
532
531
530
531
532
533
533
531
530
524
521
514
508
500
502
496
521
523
535
543
553
553
542
544
531
524
514
507
510
510
519
526
533
542
545
548
549
545
543
536
533
529
526
527
527
530
532
533
533
531
527
521
515
506
504
503
507
519
527
535
544
550
551
547
542
536
528
518
511
509
509
515
519
527
534
542
546
548
549
545
541
536
531
526
523
522
521
523
526
528
529
529
526
523
520
516
516
515
518
522
526
531
534
539
540
540
540
536
533
530
526
524
523
524
525
527
530
532
535
536
536
536
536
535
534
533
533
532
532
533
534
534
534
533
531
529
527
526
524
524
523
524
525
526
527
528
529
530
531
531
531
531
531
531
531
530
530
529
529
529
529
528
528
528
528
527
527
528
528
529
529
530
531
531
529
529
527
526
525
524
524
522
522
522
522
523
523
523
524
524
524
525
526
526
526
527
527
527
528
527
527
527
526
526
527
526
525
526
525
525
525
525
526
527
527
527
528
528
528
528
529
528
529
528
528
528
528
528
528
528
527
527
527
527
526
525
524
524
524
524
525
525
526
526
527
528
528
528
527
527
527
527
527
526
526
526
526
526
526
526
526
526
527
527
527
528
527
528
528
527
528
528
528
527
526
526
526
526
526
525
524
523
523
524
524
524
524
525
525
525
526
525
525
526
526
526
526
526
525
525
526
526
525
526
525
525
525
525
525
526
526
527
527
527
528
529
529
529
529
529
529
529
528
527
527
527
527
527
527
527
527
527
527
526
526
526
525
525
525
525
525
525
526
526
527
527
527
528
528
528
528
528
528
529
528
527
527
527
527
528
528
528
528
528
527
528
528
527
528
528
528
528
529
529
529
529
528
528
527
527
526
526
526
526
526
527
527
527
527
527
527
528
528
527
527
527
527
527
526
526
526
527
527
528
528
527
528
527
527
528
529
528
528
528
529
529
529
530
529
529
528
529
528
528
528
528
528
529
528
528
528
528
528
529
528
528
528
527
527
527
527
527
527
528
528
528
529
528
528
528
528
528
529
528
528
528
529
530
529
529
530
530
529
529
529
529
529
529
530
530
530
530
530
530
530
530
530
529
529
529
528
528
529
528
528
528
528
528
528
528
528
527
527
527
528
528
528
528
528
528
529
529
529
528
529
529
529
529
529
529
529
529
530
530
530
531
530
531
531
531
530
530
530
530
530
530
530
530
530
530
530
530
530
530
530
529
529
529
530
529
529
529
529
529
529
529
529
530
530
530
530
530
531
531
531
531
531
532
532
531
531
531
531
531
531
531
531
531
531
531
531
531
531
531
531
531
531
531
530
530
530
530
530
530
530
529
529
529
529
529
530
529
529
530
529
530
530
530
530
530
530
530
530
530
530
530
530
530
531
531
531
531
531
531
531
531
530
531
530
531
530
531
531
530
530
530
530
530
530
530
529
530
530
529
529
529
530
529
530
530
530
530
530
529
530
530
530
530
530
530
531
530
531
530
530
531
530
531
530
531
531
531
531
531
531
531
531
531
531
530
531
531
531
530
530
530
530
530
530
529
530
530
529
529
529
529
529
529
529
529
529
529
529
530
530
530
530
529
530
530
530
530
530
529
529
530
531
532
529
530
530
530
530
531
531
530
531
531
530
531
529
530
531
529
531
531
528
530
529
530
529
529
531
533
532
531
530
531
532
528
530
531
531
532
531
532
530
530
531
531
534
532
530
532
531
533
530
531
531
531
534
533
533
534
532
533
532
531
532
533
535
535
531
533
532
531
531
532
535
536
534
532
532
531
533
531
532
533
532
535
533
533
533
533
527
528
531
531
531
533
532
535
531
533
534
534
534
533
531
530
529
533
531
528
529
528
529
528
528
527
524
524
523
523
523
521
522
520
520
520
519
521
519
520
519
520
520
519
521
522
522
526
525
525
524
525
527
526
526
527
526
527
526
527
528
530
531
530
533
531
533
533
534
535
535
536
536
537
537
540
540
542
544
547
548
547
544
542
538
539
539
539
541
544
548
555
563
568
581
595
606
620
627
631
639
643
641
643
653
667
688
715
747
757
774
784
776
767
748
711
679
660
657
657
651
644
639
630
625
613
602
592
583
578
576
578
582
587
590
590
580
567
551
533
521
508
503
500
495
491
487
481
478
474
471
472
473
477
485
498
519
540
551
570
593
611
615
620
606
578
556
543
542
543
543
545
547
545
545
544
543
541
535
526
516
508
503
496
489
483
477
473
473
473
476
482
485
485
484
487
491
493
490
486
481
478
478
482
486
487
490
492
497
503
506
510
511
509
505
501
501
504
509
518
521
523
534
545
552
551
547
548
540
531
536
541
541
534
525
516
514
507
504
504
501
497
490
483
479
475
474
476
478
483
491
496
501
508
520
533
545
552
553
546
537
544
569
597
606
596
578
564
557
544
536
534
531
526
518
514
515
524
540
556
567
573
573
568
561
552
551
548
540
523
504
498
499
504
511
524
539
553
563
568
567
559
556
551
548
553
557
558
551
553
565
567
568
579
591
593
582
563
547
534
520
502
487
478
474
473
472
471
470
470
472
474
478
478
477
474
471
469
467
466
465
465
463
463
465
465
466
467
468
469
470
471
473
475
477
479
480
480
480
480
480
481
481
483
483
486
489
491
495
497
499
501
502
502
503
504
503
502
497
492
485
480
475
471
467
465
465
467
470
473
477
482
486
490
496
501
504
507
507
507
508
510
509
508
506
505
504
502
499
499
497
496
495
494
496
496
496
496
497
497
497
499
498
499
500
499
500
500
500
501
500
500
500
501
501
502
502
502
501
502
502
502
502
503
502
503
502
502
502
501
501
502
502
501
501
501
500
500
499
499
499
499
499
499
498
498
498
498
498
499
499
500
500
500
500
500
501
501
502
502
502
503
503
503
504
504
504
505
505
505
505
506
506
506
506
506
507
507
508
508
508
508
509
509
509
510
510
510
511
512
511
512
512
512
513
513
513
515
515
515
515
515
516
516
516
517
516
516
516
516
516
516
515
516
516
516
516
516
516
515
516
516
516
516
517
516
516
517
516
517
517
518
518
518
518
518
519
519
519
519
519
519
519
519
519
519
519
519
519
519
519
519
519
518
519
519
519
519
519
519
519
519
519
520
520