530
531
530
530
530
531
531
531
531
531
531
531
531
530
531
531
531
531
531
531
530
531
530
530
531
531
531
531
531
530
530
531
530
530
530
530
530
530
529
529
529
530
530
530
530
530
530
530
530
530
530
530
530
531
530
531
530
530
530
530
529
530
530
530
529
529
530
530
530
531
530
529
529
529
530
530
530
530
530
530
530
531
530
530
530
530
530
530
530
531
530
531
531
531
531
531
531
530
531
531
530
530
530
530
531
530
530
530
532
530
531
531
530
532
531
531
531
529
532
530
532
531
530
529
529
529
531
531
529
532
531
532
531
530
530
531
531
529
532
531
531
531
529
528
531
530
532
531
531
531
531
533
530
531
526
531
532
530
533
533
531
532
530
529
531
526
526
529
534
536
536
532
530
532
530
531
533
534
532
530
530
532
531
532
530
527
530
531
536
533
534
530
531
532
534
534
534
535
531
530
527
530
531
533
534
535
532
531
530
531
533
532
531
531
530
530
529
530
531
530
531
530
529
529
529
528
526
527
527
526
527
525
525
526
525
526
525
525
525
525
524
524
524
525
525
526
527
527
526
525
526
525
524
525
524
524
523
523
523
522
521
520
518
519
518
516
516
510
516
521
525
529
534
536
541
541
540
541
539
536
535
532
532
532
531
530
530
527
525
521
516
509
501
497
494
503
517
529
540
553
551
555
545
534
524
515
506
507
509
515
528
534
543
551
552
551
548
542
536
534
530
531
532
531
533
531
528
525
519
510
502
493
489
496
522
523
551
558
554
550
545
522
516
517
504
514
523
529
532
543
537
537
540
538
541
542
546
543
542
539
535
535
534
532
530
528
526
524
522
516
505
491
481
496
522
529
556
566
557
551
539
515
510
510
505
519
533
537
541
545
532
531
531
533
540
546
549
547
543
536
531
532
533
534
536
533
530
526
519
511
503
494
478
509
509
539
564
561
555
546
526
507
516
511
524
536
546
539
540
530
516
516
528
538
551
564
555
545
534
525
525
534
539
543
544
537
530
526
516
505
500
496
490
497
520
549
561
554
555
529
516
515
517
524
547
547
540
536
524
507
510
522
527
551
568
560
549
536
516
524
535
540
550
552
540
533
530
522
520
518
509
504
505
501
496
505
548
547
545
559
533
515
528
521
521
547
548
527
529
520
503
515
535
535
547
570
550
532
532
524
525
544
550
544
546
539
527
532
534
524
523
519
506
506
505
498
493
528
545
558
553
545
523
511
521
529
534
551
545
518
515
514
511
526
550
547
544
558
537
523
531
536
539
551
547
535
537
539
533
539
536
524
519
516
508
505
498
497
498
517
560
559
544
541
519
502
526
537
541
551
539
509
505
512
519
535
550
547
537
542
533
525
535
544
540
542
541
535
536
542
539
533
529
521
518
519
518
509
500
490
492
512
556
559
551
537
507
506
526
537
550
550
532
511
504
506
524
540
547
544
535
534
531
533
540
544
540
537
534
535
538
545
542
535
527
525
523
526
522
517
503
492
486
505
536
562
562
539
521
510
514
536
551
550
542
519
500
502
521
539
548
545
534
524
530
536
543
544
541
532
528
534
541
547
544
535
525
523
527
531
527
519
506
495
486
494
507
553
559
558
529
511
511
524
537
559
546
527
507
499
504
533
546
550
536
522
525
531
542
550
542
532
527
530
540
551
548
536
526
524
527
535
535
523
512
504
500
491
490
518
543
560
558
531
510
515
521
539
557
549
532
508
496
509
532
547
548
535
517
527
533
545
551
545
531
527
531
542
550
548
536
527
526
531
537
534
522
511
507
508
498
492
509
511
557
561
544
520
511
515
532
542
556
542
509
498
505
517
543
548
540
520
522
527
541
548
549
533
526
526
537
544
549
539
531
525
530
533
536
527
517
508
511
506
495
484
517
518
561
561
540
511
509
514
540
548
554
537
506
492
512
526
548
546
535
516
523
531
548
550
545
529
523
528
544
550
548
535
527
526
534
537
536
524
517
512
513
509
490
483
510
536
571
562
527
504
508
516
548
562
553
527
495
488
518
538
555
547
525
511
522
535
553
555
541
524
521
532
548
552
544
528
523
528
537
540
533
518
510
513
515
508
492
485
508
546
573
559
524
497
511
522
547
564
550
520
492
489
523
543
553
542
523
509
524
541
556
553
537
521
521
536
551
551
540
527
525
531
539
538
527
517
515
509
512
502
484
498
516
573
574
536
509
501
518
541
554
565
543
501
486
506
535
556
549
529
515
513
532
555
558
544
526
518
529
548
555
545
531
525
528
537
542
533
521
515
515
518
512
494
479
504
546
581
566
524
498
508
524
548
566
556
524
488
486
523
547
553
541
519
504
520
542
560
554
536
517
518
538
556
551
537
524
524
532
543
539
527
516
516
518
519
518
491
475
504
558
588
554
515
493
513
531
550
570
556
512
481
489
532
556
553
536
517
503
521
548
565
552
530
512
520
543
559
550
534
521
523
534
545
540
524
512
514
519
519
510
485
486
507
563
579
548
511
494
511
536
549
565
551
508
481
493
531
557
549
528
515
505
524
547
560
549
527
510
521
543
556
547
531
519
523
534
542
536
522
510
514
519
517
507
485
486
511
556
578
546
512
495
509
535
550
560
548
511
483
493
527
552
551
529
515
508
521
542
558
551
531
509
518
537
553
548
533
521
521
529
539
537
524
512
511
515
517
509
487
487
517
562
574
538
506
500
513
532
546
556
549
510
480
495
530
551
545
526
515
512
520
537
555
549
530
519
518
535
549
546
532
520
519
525
534
535
525
510
509
511
515
506
486
486
525
561
566
530
504
504
519
527
543
555
543
507
481
495
532
546
537
525
518
512
519
532
549
548
533
515
516
531
544
545
536
522
516
521
532
537
529
516
510
513
515
511
496
487
519
550
567
538
509
504
519
524
538
551
548
524
492
487
520
544
542
531
526
519
519
523
537
547
544
527
518
523
535
542
543
535
522
519
525
533
536
527
516
511
511
511
503
495
509
537
560
547
524
510
512
524
528
537
548
540
509
493
503
524
539
537
530
529
528
519
521
532
542
539
531
524
523
530
537
538
534
527
521
523
529
530
527
521
510
508
508
505
501
517
539
551
541
526
515
520
524
521
529
543
540
523
507
505
517
529
530
532
540
540
529
521
520
528
536
539
536
534
531
529
530
532
533
534
532
529
527
526
526
523
518
509
512
510
512
524
536
545
543
536
533
530
525
521
521
526
530
529
525
526
528
528
525
524
528
534
536
533
532
533
533
530
529
530
532
533
532
532
532
532
531
529
528
528
529
530
531
531
531
529
526
524
524
524
524
524
523
523
524
525
524
523
522
522
522
522
521
521
521
521
520
521
522
524
524
524
525
525
526
526
526
527
529
529
531
532
532
531
530
530
531
531
530
531
531
531
531
531
531
531
531
531
530
530
530
529
529
529
530
531
532
534
535
536
536
535
536
536
536
535
536
535
535
535
535
535
536
536
537
538
538
538
538
538
538
537
537
537
537
536
536
536
536
536
536
536
536
536
537
536
537
537
537
537
537
537
537
536
536
536
536
535
535
533
533
532
532
531
531
531
530
530
530
530
530
529
529
529
528
528
529
529
529
529
529
529
529
529
528
528
528
528
527
527
528
527
528
528
528
528
527
527
527
526
526
526
525
525
525
525
525
525
525
524
524
524
525
524
524
524
524
525
525
525
525
525
525
526
526
526
526
526
526
526
526
526
526
526
526
526
526
526
526
526
526
526
526
525
525
525
524
524
524
524
525
525
525
525
524
524
525
525
525
524
524
524
524
524
525
525
525
525
525
525
525
525
526
525
526
525
525
525
526
526
526
526
526
526
526
526
526
526
526
526
526
526
525
525
526
526
526
526
525
525
525
525
525
525
525
525
526
526
526
526
526
526
526
526
526
526
526
526
526
526
526
527
527
526
527
527
527
527
527
528
528
528
527
527
528
528
528
528
528
528
528
528
528
528
528
528
528
528
528
527
527
527
527
528
528
528
527
527
528
528
528
527
528
528
528
528
529
528
528
529
528
529
529
529
529
529
528
529
529
529
529
529
529
529
530
530
530
529
529
529
530
530
529
529
529
529
530
529
529
529
529
530
530
529
529
529
529
530
529
529
529
529
530
530
530
531
530
531
531
530
531
531
531
530
531
531
531
531
531
531
531
531
531
531
531
532
531
531
531
531
531
531
531
531
531
531
531
531
531
531
531
531
531
531
531
531
531
531
531
530
531
531
531
531
531
531
531
531
531
532
531
532
531
531
531
531
531
531
531
531
531
531
531
532
532
532
531
532
531
531
531
531
531
531
531
531
531
531
531
531
531
531
531
531
531
531
531
531
532
532
531
532
532
531
532
532
532
532
532
531
531
532
531
532
532
532
532
532
532
532
532
532
533
532
532
532
532
532
532
532
531
532
532
532
532
532
533
532
532
532
533
532
532
532
532
532
531
532
531
532
531
532
532
531
532
532
532
532
532
536
536
534
534
534
534
534
534
535
536
536
536
536
537
539
540
540
540
540
541
542
542
542
542
544
545
545
545
546
547
548
551
551
553
554
557
559
562
564
567
570
574
578
580
584
588
592
594
592
589
580
566
547
532
519
513
508
495
480
452
434
429
437
450
466
481
501
517
524
526
528
534
543
551
561
566
564
560
557
563
566
570
581
592
597
593
579
556
540
532
524
518
519
523
527
537
548
561
569
574
573
571
576
577
578
578
576
568
553
544
552
578
598
609
617
617
616
609
604
602
611
644
692
732
731
728
727
720
698
671
649
634
623
606
597
601
601
595
580
561
550
545
550
560
575
590
595
585
573
576
578
570
574
583
574
558
567
586
597
616
642
638
615
593
569
564
566
585
603
622
623
629
632
623
597
549
507
493
504
536
577
633
707
755
742
713
692
673
660
655
647
642
642
637
622
611
610
596
573
555
540
537
535
536
556
596
635
636
606
585
587
584
564
541
531
535
544
555
562
562
553
538
527
515
500
486
483
463
451
449
450
450
451
451
453
455
461
466
470
477
486
496
505
511
514
508
500
496
489
479
468
460
453
451
452
451
454
460
462
460
459
462
468
477
483
483
486
494
500
502
499
496
494
489
483
478
472
468
462
457
454
453
450
449
448
447
447
446
446
447
449
452
455
459
461
463
465
466
467
469
473
477
481
483
484
481
477
473
471
471
472
472
474
475
476
479
480
480
480
479
480
480
482
485
487
488
490
489
489
488
486
484
482
481
481
481
481
481
481
482
482
482
483
483
485
486
487
487
489
491
492
494
497
499
501
502
502
502
501
501
502
503
506
509
511
513
513
514
516
519
522
526
529
528
526
523
521
519
518
516
515
511
508
506
504
503
502
501
501
501
502
502
504
505
505
505
504
503
502
500
498
498
497
498
499
501
502
503
504
505
505
506
507
507
508
508
509
509
508
507
504
503
504
505
507
507
507
507
507
508
509
510
511
511
512
512
513
513
513
513
513
512
513
513
513
514
514
513
513
512
513
513
514
515
517
518
519
520
520
521
520
519
518
517
519
519
521
522
522
522
521
520
520
519
519
519
518
519
519
518
519
519
519
519
519
519
519
520
521
522
523
524
526
527
528
529
528
529
528
527
526
525
524
523
521
521
520
520
519
519
519
519
519
519
519
519
519
519
520
520
519
519
519
519
519
519
519
519
519
519
520
520
520
520
520
520
521
521
521
520
519
519
519
518
518
518
518
518
517
517
517
517
517
518
518
518
518
518
519
519
519
519
520
520
520
521
521
521
522
521
521
522
522
522
522
522
521
521
519
519
519
519
518
518
518
518
519
518
518
518
518
519
519
519
519
519
519
519
519
519
520
521
520
521
521
521
521
522
522
522
522
523
523
523
523
523
524
524
524
525
524
525
525
525
525
525
525
526
526
526
527
526
526
527
527
527
526
527
527
527
527
528
527
527
527
527
527
527
527
527
526
527
527
526
526
525
526
526
525
525
525
525
525
525
525
525
524
524
525
524
524
524
524
524
524
524
524
524
524
524
524
524
524
525
524
524
525
525
525
526
525
525
525
526
526
527
526
527
527
527
527
527
527
527
527
527
527
528
527
528
528
528
528
528
528
529
528
529
529
529
529
529
529
529
529
529
529
530
530
530
530
530
530
530
531
530
531
531
531
531
531
531
530
531
530
531
530
530
531
529
530
530
530
530
530
530
530
530
530
530
530
530
530
531
530
531
531
530
531
531
530
531
531
530
531
531
531
531
531
531
531
531
531
531
531
531
531
531
531
531
531
531
531
531
531
531
531
532
531
532
532
531
532
532
532
532
532
533
532
533
532
533
533
533
533
533
533
532
533
533
533
533
533
533
533
534
534
533
533
534
533
533
533
533
533
533
533
533
533
533
533
534
534
534
533
533
534
533
534
534
534
533
533
534
533
533
533
533
533
533
532
532
533
533
532
533
532
532
532
532
532
532
532
532
531
532
532
532
532
532
532
532
532
532
532
532
532
531
532
532
532
532
532
532
531
532
532
532
532
532
532
531
531
531
532
532
532
532
532
532
531
532
532
532
532
532
532
532
531
532
532
531
532
532
532
532
532
532
531
532
531
532
532
532
532
532
533
532
533
533
532
532
533
532
532
532
532
532
532
532
532
532
532
532
532
532
532
532
533
533
533
532
533
533
532
532
532
532
532
532
532
532
532
532
531
532
532
531
532
531
531
531
531
531
531
531
531
531
531
532
531
531
531
531
531
531
531
531
531
530
530
531
531
531
531
531
531
530
531
531
531
531
531
531
531
531
531
531
531
531
531
531
531
530
531
531
531
531
531
531
530
531
531
530
530
531
530
531
531
530
531
531
531
531
531
531
530
531
531
531
531
531
530
530
530
531
531
531
530
531
530
531
530
531
530
530
530
529
530
530
530
530
530
530
530
530
530
530
530
530
530
530
529
529
529
529
530
530
530
529
529
530
529
529
529
529
529
529
529
529
529
529
529
529
529
529
529
529
529
529
529
529
529
530
529
529
529
529
530
529
529
529
529
529
529
529
529
529
529
529
529
529
529
529
529
530
530
530
530
529
530
530
530
530
530
529
529
529
529
530
530
530
530
530
530
530
530
530
530
530
530
530
530
530
530
530
530
530
530
530
530
530
530
530
530
529
529
529
530
529
529
529
529
530
529
529
529
530
529
529
529
530
530
529
529
529
529
529
530
529
529
529
529
529
529
529
529
529
529
529
529
529
528
529
529
529
529
529
529
529
529
529
529
529
529
529
529
529
529
529
529
529
529
530
529
529
529
529
529
529
529
529
529
529
529
530
530
529
529
529
529
529
530
530
530
530
530
530
530
530
530
530
530
530
530
530
530
530
529
530
530
530
530
530
530
530
530
530
529
529
529
530
530
529
530
530
529
529
530
530
530
530
529
529
530
529
529
530
529
529
529
529
529
529
529
529
529
530
529
529
530
529
529
529
529
529
529
529
529
529
529
529
529
529
529
529
529
529
529
529
529
529
529
529
528
529
529
529
529
529
529
529
529
529
530
529
529
529
529
529
529
529
529
529
529
530
530
530
529
529
530
529
529
529
529
529
528
529
530
529
529
529
529
530
529
529
529
530
529
529
529
529
529
529
529
529
529
529
530
530
530
529
529
530
529
529
529
530
529
529
529
529
529
529
529
529
529
529
529
528
529
529
529
529
529
529
529
528
529
529
528
528
528
528
528
528
529
529
529
529
528
529
529
529
529
529
529
529
529
529
529
528
529
529
529
529
529
529
529
529
529
529
529
529
529
529
529
529
529
529
529
529
529
529
530
529
529
529
530
530
529
529
529
529
529
529
529
529
529
529
529
530
530
530
529
530
530
530
530
530
530
529
529
529
529
529
530
530
529
530
530
529
529
529
529
529
530
529
529
529
529
529
529
528
529
529
529
528
528
528
529
528